110  351.99808
109.9  341.06998
109.8  317.94516
109.7  307.64043
109.6  328.05706
109.5  307.18433
109.4  314.95717
109.3  323.0915
109.2  319.73009
109.1  329.74414
109  337.34988
108.9  346.6415
108.8  336.06198
108.7  310.65037
108.6  315.06872
108.5  320.1848
108.4  311.45156
108.3  295.3773
108.2  321.05568
108.1  324.57488
108  296.96202
107.9  303.46275
107.8  273.30288
107.7  293.05255
107.6  277.55676
107.5  298.37713
107.4  274.94473
107.3  273.40567
107.2  269.17562
107.1  298.98608
107  280.4986
106.9  278.64031
106.8  275.54913
106.7  262.06623
106.6  235.1929
106.5  261.08992
106.4  260.60931
106.3  271.27326
106.2  264.21983
106.1  226.15854
106  232.74554
105.9  237.40724
105.8  235.59033
105.7  239.655
105.6  228.16917
105.5  238.15011
105.4  237.19838
105.3  229.67983
105.2  212.25998
105.1  211.75818
105  214.93817
104.9  204.66695
104.8  197.99903
104.7  194.91379
104.6  210.54141
104.5  215.5911
104.4  194.63047
104.3  217.91671
104.2  223.79707
104.1  221.50793
104  211.2702
103.9  225.93489
103.8  227.01094
103.7  236.7021
103.6  218.56155
103.5  221.99059
103.4  202.9519
103.3  196.24568
103.2  205.18881
103.1  197.08224
103  182.79899
102.9  189.29264
102.8  186.00371
102.7  187.18675
102.6  171.18689
102.5  163.69004
102.4  158.15206
102.3  148.84237
102.2  167.89856
102.1  161.95041
102  165.38564
101.9  166.51114
101.8  162.4828
101.7  183.98883
101.6  205.96113
101.5  208.84479
101.4  235.58163
101.3  289.37375
101.2  401.86389
101.1  478.68582
101  633.65383
100.9  824.16939
100.8  1207.2046
100.7  1701.6272
100.6  2408.8117
100.5  3234.3058
100.4  3918.8885
100.3  4139.8378
100.2  3945.8255
100.1  3950.2994
100  4495.9123
99.9  5429.704
99.8  6114.871
99.7  5886.3707
99.6  4495.9922
99.5  2747.773
99.4  1483.7476
99.3  664.73974
99.2  339.44011
99.1  209.41994
99  143.45279
98.9  128.98097
98.8  99.356447
98.7  100.11683
98.6  108.93257
98.5  86.095024
98.4  75.810503
98.3  80.76472
98.2  72.684526
98.1  71.041276
98  69.303726
97.9  65.851592
97.8  80.32754
97.7  60.818172
97.6  73.581282
97.5  52.541819
97.4  60.421369
97.3  72.031621
97.2  60.131009
97.1  61.369242
97  66.724357
96.9  55.839442
96.8  58.989949
96.7  53.963246
96.6  57.453446
96.5  53.582142
96.4  51.184475
96.3  53.672208
96.2  55.505136
96.1  53.685929
96  49.344316
95.9  51.691873
95.8  44.281567
95.7  45.971847
95.6  51.081317
95.5  59.713384
95.4  65.566832
95.3  67.190914
95.2  55.270315
95.1  51.530467
95  61.412311