110  271.50884
109.9  250.21845
109.8  247.53186
109.7  284.0508
109.6  262.23022
109.5  275.12935
109.4  265.53696
109.3  253.02892
109.2  269.35413
109.1  251.78778
109  250.36637
108.9  271.39785
108.8  268.29701
108.7  263.94093
108.6  263.2679
108.5  248.7729
108.4  239.78229
108.3  250.64922
108.2  266.23831
108.1  249.79429
108  249.38246
107.9  240.92672
107.8  244.89898
107.7  244.78223
107.6  240.28516
107.5  247.4179
107.4  235.08851
107.3  217.39788
107.2  243.25905
107.1  241.27259
107  248.99389
106.9  225.98227
106.8  237.87515
106.7  232.71439
106.6  247.50306
106.5  212.60735
106.4  217.01027
106.3  201.13457
106.2  210.68685
106.1  219.07583
106  216.40742
105.9  197.59872
105.8  214.72273
105.7  203.03857
105.6  184.8671
105.5  201.78656
105.4  201.02007
105.3  181.01227
105.2  169.36809
105.1  168.17449
105  162.75655
104.9  177.75644
104.8  162.32564
104.7  162.64932
104.6  160.13757
104.5  189.18058
104.4  158.66825
104.3  149.4744
104.2  155.71953
104.1  172.75922
104  161.7804
103.9  158.43411
103.8  158.4012
103.7  161.62762
103.6  155.50371
103.5  159.45972
103.4  149.82424
103.3  160.30363
103.2  143.27345
103.1  143.09068
103  138.53456
102.9  123.86833
102.8  134.89677
102.7  152.1365
102.6  131.23162
102.5  112.64971
102.4  105.33078
102.3  108.43829
102.2  121.10878
102.1  108.88802
102  108.11375
101.9  113.00391
101.8  117.42209
101.7  134.54448
101.6  139.15453
101.5  170.36182
101.4  194.71869
101.3  205.72489
101.2  277.3583
101.1  364.81567
101  473.60641
100.9  618.84976
100.8  825.40803
100.7  1143.5597
100.6  1538.7441
100.5  2018.2705
100.4  2554.0493
100.3  2910.956
100.2  3235.2471
100.1  3379.3687
100  3634.8447
99.9  3810.945
99.8  4063.0633
99.7  4180.8516
99.6  3922.7749
99.5  3352.5232
99.4  2413.8152
99.3  1542.4609
99.2  868.32438
99.1  464.09063
99  252.68697
98.9  142.409
98.8  102.26727
98.7  84.54999
98.6  86.04065
98.5  74.439553
98.4  63.675929
98.3  67.106926
98.2  64.671507
98.1  56.905114
98  62.028724
97.9  63.122218
97.8  53.948558
97.7  51.137837
97.6  50.559078
97.5  53.445638
97.4  51.43345
97.3  43.9833
97.2  56.654283
97.1  48.870753
97  46.113582
96.9  54.68509
96.8  53.264621
96.7  42.891231
96.6  46.080888
96.5  50.180517
96.4  39.786919
96.3  43.03224
96.2  44.665414
96.1  42.019737
96  50.146727
95.9  38.856067
95.8  36.60528
95.7  44.672512
95.6  38.916842
95.5  38.160161
95.4  39.936613
95.3  36.510019
95.2  41.345757
95.1  31.486224
95  35.541331