110  362.50785
109.9  344.58226
109.8  352.89033
109.7  366.61486
109.6  375.18972
109.5  372.22629
109.4  370.23961
109.3  343.37463
109.2  359.82746
109.1  375.02016
109  356.46186
108.9  366.16
108.8  370.39768
108.7  336.12872
108.6  340.26422
108.5  353.93366
108.4  317.12543
108.3  306.7118
108.2  348.11689
108.1  360.20141
108  330.06999
107.9  337.7996
107.8  343.28144
107.7  318.66621
107.6  347.63506
107.5  331.74829
107.4  307.60302
107.3  310.04965
107.2  331.87108
107.1  291.8338
107  296.26838
106.9  328.71769
106.8  319.34079
106.7  313.10867
106.6  277.48622
106.5  291.97933
106.4  292.42973
106.3  295.44147
106.2  303.49136
106.1  306.53692
106  282.25911
105.9  282.19556
105.8  271.06865
105.7  278.11236
105.6  246.80056
105.5  262.12907
105.4  279.96328
105.3  261.72128
105.2  245.19059
105.1  258.23476
105  241.31141
104.9  248.21909
104.8  230.63766
104.7  234.08859
104.6  241.94909
104.5  212.52021
104.4  213.27311
104.3  221.76866
104.2  222.93661
104.1  224.04372
104  221.95059
103.9  245.09453
103.8  258.15032
103.7  231.04124
103.6  226.70307
103.5  217.21534
103.4  232.2869
103.3  215.94686
103.2  244.76348
103.1  228.3765
103  202.69524
102.9  195.27415
102.8  196.7845
102.7  201.8574
102.6  186.94693
102.5  183.67379
102.4  177.21219
102.3  174.40892
102.2  192.37891
102.1  164.46751
102  145.415
101.9  169.21842
101.8  187.58201
101.7  188.54437
101.6  210.0826
101.5  235.67779
101.4  255.49358
101.3  306.39694
101.2  378.83128
101.1  464.15474
101  636.59611
100.9  818.67026
100.8  1100.7062
100.7  1556.3898
100.6  2262.307
100.5  3000.2322
100.4  3833.0741
100.3  4412.6776
100.2  4721.698
100.1  4663.9066
100  4837.4506
99.9  5344.813
99.8  6372.1715
99.7  6903.8708
99.6  6161.9142
99.5  4628.5929
99.4  2914.4948
99.3  1503.4543
99.2  708.92348
99.1  370.69298
99  215.88433
98.9  162.88067
98.8  131.04788
98.7  99.761571
98.6  105.65922
98.5  85.936419
98.4  73.170188
98.3  80.965121
98.2  98.139461
98.1  81.034889
98  88.531862
97.9  71.297225
97.8  87.959541
97.7  68.017046
97.6  79.585457
97.5  78.653593
97.4  83.338446
97.3  68.350448
97.2  68.478386
97.1  68.157459
97  61.739565
96.9  64.774212
96.8  57.293753
96.7  57.021015
96.6  62.528118
96.5  65.325753
96.4  56.554931
96.3  59.536311
96.2  56.117913
96.1  51.093136
96  49.365856
95.9  58.984131
95.8  66.893579
95.7  60.618409
95.6  52.451778
95.5  59.069079
95.4  51.994797
95.3  54.151571
95.2  53.636461
95.1  57.898329
95  51.689302