110  441.70173
109.9  428.67476
109.8  443.2651
109.7  424.51723
109.6  450.19799
109.5  434.03223
109.4  432.0731
109.3  429.782
109.2  434.62851
109.1  422.82748
109  411.83008
108.9  405.37993
108.8  428.29683
108.7  446.77649
108.6  439.31809
108.5  396.40291
108.4  375.99716
108.3  399.81595
108.2  415.09009
108.1  404.28808
108  407.04094
107.9  409.36464
107.8  392.94559
107.7  365.50231
107.6  371.45612
107.5  414.91143
107.4  398.85707
107.3  401.94498
107.2  373.50418
107.1  374.39664
107  360.11092
106.9  368.38727
106.8  356.55243
106.7  358.23997
106.6  332.27256
106.5  351.74482
106.4  335.08136
106.3  338.04011
106.2  327.49532
106.1  335.70509
106  338.74628
105.9  337.62194
105.8  316.45827
105.7  299.37768
105.6  292.33906
105.5  307.86353
105.4  312.67293
105.3  294.99466
105.2  290.83774
105.1  291.99977
105  290.59205
104.9  287.00021
104.8  265.55977
104.7  271.58025
104.6  278.36616
104.5  270.77144
104.4  278.66996
104.3  275.84002
104.2  292.43515
104.1  302.81096
104  308.10183
103.9  306.47585
103.8  260.05046
103.7  279.74938
103.6  315.86434
103.5  281.41267
103.4  276.81947
103.3  254.31638
103.2  269.10598
103.1  244.98446
103  274.72594
102.9  238.16015
102.8  239.25263
102.7  262.54013
102.6  226.60026
102.5  243.56502
102.4  237.62942
102.3  218.92174
102.2  200.80347
102.1  197.17393
102  199.14572
101.9  184.51333
101.8  197.39053
101.7  192.93552
101.6  204.24177
101.5  238.12479
101.4  270.70124
101.3  326.99145
101.2  352.76142
101.1  446.89387
101  553.99293
100.9  779.72578
100.8  1022.7704
100.7  1494.6945
100.6  2199.9584
100.5  3201.6707
100.4  4193.6385
100.3  5084.7522
100.2  5451.7949
100.1  5297.6873
100  5295.7096
99.9  5970.816
99.8  7196.8518
99.7  8199.5553
99.6  7957.5937
99.5  6410.8126
99.4  4114.5282
99.3  2237.5549
99.2  1072.0898
99.1  513.22497
99  297.87591
98.9  212.07588
98.8  169.57114
98.7  139.45969
98.6  132.28455
98.5  127.29557
98.4  98.310764
98.3  113.81307
98.2  87.859972
98.1  103.93736
98  93.762229
97.9  97.033468
97.8  89.877811
97.7  101.58723
97.6  98.581157
97.5  93.086353
97.4  97.115927
97.3  92.455521
97.2  93.702022
97.1  76.83634
97  89.4594
96.9  75.823091
96.8  81.092829
96.7  79.638971
96.6  67.579529
96.5  66.610848
96.4  66.888088
96.3  81.098839
96.2  77.018779
96.1  68.736373
96  77.574788
95.9  73.239587
95.8  71.448062
95.7  68.887803
95.6  72.840874
95.5  67.639052
95.4  64.381733
95.3  58.628065
95.2  66.448114
95.1  71.37214
95  59.26273