110  269.89938
109.9  278.01389
109.8  287.91893
109.7  271.9538
109.6  263.4979
109.5  292.42149
109.4  252.69521
109.3  253.9584
109.2  257.96374
109.1  273.30006
109  263.19102
108.9  280.05544
108.8  257.92521
108.7  264.38357
108.6  240.4523
108.5  267.1815
108.4  277.3595
108.3  258.04535
108.2  260.56462
108.1  260.06022
108  251.37119
107.9  263.89129
107.8  260.98184
107.7  243.98864
107.6  241.74894
107.5  237.64707
107.4  254.33182
107.3  266.84024
107.2  263.37147
107.1  237.68605
107  255.26264
106.9  236.23597
106.8  220.96868
106.7  234.40486
106.6  226.26371
106.5  223.16688
106.4  230.40278
106.3  209.27935
106.2  215.63126
106.1  206.53722
106  216.7834
105.9  221.73447
105.8  200.92274
105.7  207.17659
105.6  184.30248
105.5  190.07431
105.4  201.59134
105.3  179.04262
105.2  179.03446
105.1  166.89661
105  181.69156
104.9  176.07471
104.8  170.80818
104.7  164.07234
104.6  165.85965
104.5  186.56839
104.4  180.11041
104.3  177.66676
104.2  163.03277
104.1  175.05876
104  181.50523
103.9  190.51812
103.8  191.45909
103.7  172.38939
103.6  194.67079
103.5  175.75441
103.4  148.69812
103.3  183.46524
103.2  185.80151
103.1  173.55123
103  162.30095
102.9  160.59789
102.8  144.22846
102.7  162.80664
102.6  159.29102
102.5  145.83893
102.4  135.39005
102.3  130.52728
102.2  121.94247
102.1  130.4091
102  122.48584
101.9  132.84677
101.8  139.58599
101.7  158.28839
101.6  147.57149
101.5  168.61222
101.4  202.96149
101.3  258.87623
101.2  289.86099
101.1  354.4117
101  453.94674
100.9  633.11925
100.8  791.70345
100.7  1105.2885
100.6  1475.3978
100.5  1901.2433
100.4  2409.5081
100.3  2879.2791
100.2  3195.0409
100.1  3312.5341
100  3398.995
99.9  3611.9672
99.8  4008.0858
99.7  4303.0626
99.6  4205.8247
99.5  3382.0246
99.4  2444.6007
99.3  1470.4508
99.2  800.20555
99.1  383.88497
99  219.62963
98.9  146.89291
98.8  102.04848
98.7  93.005996
98.6  61.143424
98.5  62.383409
98.4  63.38381
98.3  69.750158
98.2  69.06053
98.1  72.873825
98  79.149629
97.9  67.285601
97.8  61.948056
97.7  62.65547
97.6  69.055654
97.5  59.595521
97.4  61.987271
97.3  58.899621
97.2  62.119486
97.1  55.394844
97  56.840688
96.9  55.39115
96.8  53.592837
96.7  49.088037
96.6  51.706265
96.5  50.164115
96.4  45.620058
96.3  47.935044
96.2  43.818328
96.1  59.60998
96  41.286154
95.9  46.877555
95.8  51.35969
95.7  52.745463
95.6  42.072332
95.5  51.696725
95.4  47.215654
95.3  41.134304
95.2  48.033769
95.1  53.72075
95  44.679788