110  398.66704
109.9  412.38602
109.8  397.19069
109.7  389.21595
109.6  376.18363
109.5  391.9653
109.4  398.06578
109.3  397.83362
109.2  388.91026
109.1  383.07365
109  369.80426
108.9  375.24133
108.8  395.60838
108.7  369.73885
108.6  364.26842
108.5  388.39004
108.4  388.47789
108.3  379.94071
108.2  351.85801
108.1  367.39902
108  338.77555
107.9  343.32003
107.8  355.6627
107.7  360.60891
107.6  386.11429
107.5  371.92134
107.4  371.26268
107.3  373.93832
107.2  361.59513
107.1  319.7467
107  325.14327
106.9  347.96209
106.8  340.97453
106.7  328.1964
106.6  337.05054
106.5  308.44802
106.4  324.6968
106.3  330.66397
106.2  317.12344
106.1  294.55664
106  303.20689
105.9  298.17671
105.8  294.30437
105.7  285.13819
105.6  274.81387
105.5  271.20215
105.4  239.63962
105.3  261.33749
105.2  236.24984
105.1  258.50557
105  297.32216
104.9  250.0066
104.8  253.19327
104.7  263.02731
104.6  249.56887
104.5  232.87363
104.4  247.02996
104.3  252.31014
104.2  258.65065
104.1  270.15457
104  280.2799
103.9  254.97293
103.8  244.98568
103.7  243.24826
103.6  263.01672
103.5  258.53139
103.4  257.64139
103.3  256.34044
103.2  276.20667
103.1  239.33704
103  245.90927
102.9  251.65889
102.8  231.89501
102.7  226.7399
102.6  231.14665
102.5  205.64373
102.4  210.32495
102.3  198.58073
102.2  188.94797
102.1  190.67599
102  183.58707
101.9  186.29794
101.8  198.31803
101.7  222.20492
101.6  233.77656
101.5  254.93066
101.4  257.22651
101.3  307.83364
101.2  364.06875
101.1  460.27716
101  554.25792
100.9  730.2727
100.8  1023.5176
100.7  1538.9253
100.6  2131.9214
100.5  3052.3434
100.4  3945.5272
100.3  4605.3824
100.2  4754.8955
100.1  4683.5107
100  4874.4005
99.9  5610.4316
99.8  6618.5769
99.7  7340.4747
99.6  6819.1467
99.5  5097.1113
99.4  3274.6934
99.3  1699.8238
99.2  803.47088
99.1  412.65658
99  276.31974
98.9  189.27396
98.8  148.26924
98.7  117.33447
98.6  113.00638
98.5  107.55869
98.4  101.8441
98.3  94.562603
98.2  92.143842
98.1  102.39442
98  89.778641
97.9  79.542521
97.8  77.507507
97.7  85.750429
97.6  92.091994
97.5  86.661335
97.4  92.177642
97.3  80.30253
97.2  87.202939
97.1  87.123705
97  87.427057
96.9  73.746717
96.8  79.588656
96.7  76.569671
96.6  71.361475
96.5  68.311065
96.4  61.096318
96.3  70.293572
96.2  63.340316
96.1  54.109002
96  56.737174
95.9  64.041593
95.8  59.916566
95.7  69.488549
95.6  64.950971
95.5  73.338101
95.4  78.857066
95.3  70.022884
95.2  59.776754
95.1  64.034814
95  59.313098