104  315.40706
103.9  282.08256
103.8  271.71807
103.7  290.86956
103.6  299.71399
103.5  278.51059
103.4  309.78166
103.3  275.06578
103.2  268.2505
103.1  266.20039
103  264.86294
102.9  264.11023
102.8  254.40794
102.7  239.7843
102.6  226.80767
102.5  220.35783
102.4  209.39724
102.3  205.4886
102.2  188.6925
102.1  186.33075
102  187.76178
101.9  205.34338
101.8  186.73092
101.7  194.5157
101.6  233.56381
101.5  241.89202
101.4  274.08166
101.3  286.15772
101.2  353.89842
101.1  425.22033
101  538.72152
100.9  706.55531
100.8  977.03167
100.7  1416.2051
100.6  2095.5877
100.5  2906.0707
100.4  4029.4129
100.3  4886.8673
100.2  5387.2562
100.1  5310.9769
100  5258.7484
99.9  5874.975
99.8  7073.0889
99.7  8135.0557
99.6  8098.3803
99.5  6608.9055
99.4  4384.2957
99.3  2435.3492
99.2  1155.5462
99.1  570.18415
99  315.34843
98.9  229.75879
98.8  172.40267
98.7  160.42377
98.6  131.60357
98.5  125.62477
98.4  99.583379
98.3  105.31246
98.2  105.18715
98.1  100.22746
98  89.476341
97.9  91.948857
97.8  98.695084
97.7  99.63158
97.6  101.43357
97.5  84.903381
97.4  90.453518
97.3  94.135823
97.2  82.373536
97.1  79.497442
97  80.413348
96.9  89.396201
96.8  76.539094
96.7  87.523264
96.6  76.622607
96.5  74.450272
96.4  71.827948
96.3  78.028995
96.2  65.051727
96.1  72.157728
96  72.472108
95.9  72.97197
95.8  64.77389
95.7  74.162718
95.6  64.703533
95.5  63.182025
95.4  64.780558
95.3  63.579651
95.2  67.720681
95.1  69.705667
95  73.536677

