110  37.255699
109.9  33.17843
109.8  34.767705
109.7  33.511315
109.6  35.468552
109.5  35.906459
109.4  32.719705
109.3  37.849515
109.2  29.399151
109.1  32.586897
109  31.000549
108.9  33.151779
108.8  35.92783
108.7  30.601283
108.6  31.772047
108.5  35.005393
108.4  33.819509
108.3  32.580327
108.2  30.86661
108.1  35.94753
108  25.173488
107.9  30.930313
107.8  26.598393
107.7  34.462759
107.6  32.145663
107.5  39.783353
107.4  37.379394
107.3  39.367021
107.2  34.869179
107.1  31.168526
107  30.074473
106.9  33.843385
106.8  27.702444
106.7  29.543324
106.6  27.263135
106.5  35.918936
106.4  32.550892
106.3  33.446832
106.2  28.630264
106.1  30.180027
106  31.014764
105.9  27.415896
105.8  27.592981
105.7  31.129829
105.6  31.620112
105.5  25.224811
105.4  23.096036
105.3  30.287034
105.2  28.038435
105.1  26.329731
105  26.784886
104.9  24.455819
104.8  28.634563
104.7  22.47563
104.6  25.499847
104.5  23.066648
104.4  26.98913
104.3  30.464698
104.2  27.452452
104.1  23.460465
104  27.461322
103.9  32.596461
103.8  25.822166
103.7  24.712743
103.6  27.647617
103.5  26.980676
103.4  25.178072
103.3  31.179704
103.2  27.962738
103.1  24.841325
103  21.836192
102.9  19.804279
102.8  27.254544
102.7  24.024917
102.6  16.031691
102.5  23.276784
102.4  20.73198
102.3  18.478188
102.2  23.551579
102.1  25.334845
102  31.85829
101.9  30.399621
101.8  26.678067
101.7  32.704404
101.6  27.275632
101.5  36.014513
101.4  45.263153
101.3  54.129161
101.2  82.325034
101.1  127.29137
101  172.31845
100.9  239.82246
100.8  291.05128
100.7  336.90135
100.6  294.24305
100.5  314.76143
100.4  342.42465
100.3  434.76324
100.2  508.94565
100.1  516.79217
100  426.82501
99.9  291.29124
99.8  171.21671
99.7  90.764066
99.6  58.227918
99.5  34.832561
99.4  27.08272
99.3  21.320753
99.2  14.22035
99.1  16.851267
99  16.144081
98.9  19.013666
98.8  13.079736
98.7  15.091193
98.6  14.609398
98.5  14.527823
98.4  16.116075
98.3  13.054573
98.2  13.367551
98.1  13.522009
98  12.25372
97.9  14.923656
97.8  17.963118
97.7  13.028342
97.6  18.2585
97.5  16.020248
97.4  18.407724
97.3  14.664074
97.2  12.313849
97.1  14.368985
97  16.218768
96.9  9.6949131
96.8  12.878945
96.7  9.4834553
96.6  15.192791
96.5  16.512495
96.4  13.518664
96.3  11.270581
96.2  23.16775
96.1  21.92668
96  15.401742
95.9  16.969727
95.8  11.199436
95.7  15.324361
95.6  12.503271
95.5  17.101148
95.4  17.952073
95.3  18.126043
95.2  13.223653
95.1  12.149722
95  14.914474

