110  276.69197
109.9  272.85378
109.8  304.96711
109.7  323.64409
109.6  298.62034
109.5  272.09102
109.4  288.65086
109.3  266.87825
109.2  266.15295
109.1  286.54352
109  302.30736
108.9  297.68374
108.8  288.85545
108.7  278.7436
108.6  287.43877
108.5  274.53049
108.4  275.53973
108.3  290.24306
108.2  272.44245
108.1  258.48478
108  257.53645
107.9  266.29654
107.8  261.92773
107.7  266.07066
107.6  277.53411
107.5  266.45548
107.4  241.17816
107.3  248.71632
107.2  253.08462
107.1  269.42249
107  247.8484
106.9  246.30447
106.8  239.90778
106.7  260.48825
106.6  242.89543
106.5  232.69328
106.4  214.07592
106.3  217.43416
106.2  236.80562
106.1  248.94763
106  243.75555
105.9  225.21074
105.8  213.77962
105.7  202.6987
105.6  194.65207
105.5  204.35035
105.4  209.1054
105.3  227.92639
105.2  214.49535
105.1  198.80591
105  188.29214
104.9  189.87202
104.8  174.4744
104.7  187.14836
104.6  193.10412
104.5  174.91287
104.4  189.60012
104.3  198.64408
104.2  188.3293
104.1  195.5967
104  196.50215
103.9  159.34029
103.8  163.46923
103.7  160.41889
103.6  171.52639
103.5  185.99724
103.4  182.94909
103.3  162.5093
103.2  167.57514
103.1  169.10775
103  156.25992
102.9  149.14551
102.8  144.75091
102.7  143.05066
102.6  139.24913
102.5  130.97757
102.4  131.11033
102.3  139.08284
102.2  137.85165
102.1  128.10829
102  119.14361
101.9  128.27195
101.8  120.7026
101.7  152.70965
101.6  167.46062
101.5  174.81038
101.4  228.72169
101.3  285.04166
101.2  320.47013
101.1  410.15612
101  546.31036
100.9  726.39766
100.8  1004.7369
100.7  1404.5892
100.6  1950.6797
100.5  2496.9866
100.4  3151.6068
100.3  3611.8542
100.2  3750.7169
100.1  3724.0688
100  3886.1434
99.9  4370.2384
99.8  5027.3585
99.7  5223.7595
99.6  4589.3702
99.5  3372.4044
99.4  1993.4078
99.3  1016.874
99.2  484.50901
99.1  241.98061
99  163.43645
98.9  119.46733
98.8  91.612971
98.7  74.257241
98.6  69.758184
98.5  72.84584
98.4  63.333845
98.3  51.001192
98.2  53.558501
98.1  57.84463
98  49.589537
97.9  47.551599
97.8  59.605603
97.7  53.761811
97.6  52.457052
97.5  57.371987
97.4  54.361858
97.3  48.338192
97.2  51.19046
97.1  49.929626
97  56.267548
96.9  51.389419
96.8  54.41349
96.7  45.108083
96.6  55.408755
96.5  41.480118
96.4  42.95625
96.3  45.380742
96.2  41.040564
96.1  43.267435
96  46.28552
95.9  39.135268
95.8  45.842533
95.7  46.163706
95.6  46.221328
95.5  39.591631
95.4  36.852538
95.3  38.391353
95.2  45.347881
95.1  45.202977
95  41.269543

