110  213.37801
109.9  215.73878
109.8  198.49779
109.7  197.01156
109.6  205.93369
109.5  202.72628
109.4  195.88959
109.3  198.26964
109.2  201.26556
109.1  214.07473
109  206.36391
108.9  209.41141
108.8  191.65004
108.7  202.49386
108.6  227.34056
108.5  201.56655
108.4  207.50956
108.3  200.29431
108.2  197.72482
108.1  209.67196
108  198.70204
107.9  173.11206
107.8  184.51546
107.7  192.92768
107.6  188.85645
107.5  195.888
107.4  178.43197
107.3  185.41326
107.2  163.58062
107.1  177.44717
107  182.11623
106.9  189.31219
106.8  157.8617
106.7  155.57731
106.6  180.36303
106.5  182.94841
106.4  158.81895
106.3  164.15861
106.2  177.88597
106.1  165.50666
106  164.18915
105.9  157.74934
105.8  160.1115
105.7  133.83426
105.6  130.85457
105.5  140.23283
105.4  143.14678
105.3  131.86486
105.2  148.0376
105.1  148.6017
105  161.58733
104.9  147.14201
104.8  140.69726
104.7  131.53436
104.6  143.90175
104.5  139.1753
104.4  136.7913
104.3  148.3734
104.2  146.17479
104.1  144.66088
104  158.10889
103.9  147.03805
103.8  139.88863
103.7  141.6889
103.6  140.63546
103.5  139.54753
103.4  131.07945
103.3  143.17279
103.2  134.40278
103.1  112.46994
103  119.24144
102.9  120.70469
102.8  139.15158
102.7  123.25779
102.6  108.33686
102.5  113.08758
102.4  119.70667
102.3  114.77799
102.2  108.01183
102.1  107.62864
102  114.33795
101.9  107.9854
101.8  134.66084
101.7  135.49392
101.6  139.65409
101.5  159.76838
101.4  180.46896
101.3  214.73287
101.2  259.19983
101.1  336.43161
101  467.6808
100.9  610.96367
100.8  820.7143
100.7  1195.2809
100.6  1622.4786
100.5  2130.2126
100.4  2465.6037
100.3  2534.4763
100.2  2428.9719
100.1  2463.8568
100  2829.511
99.9  3387.3745
99.8  3790.9813
99.7  3411.8274
99.6  2475.9027
99.5  1402.9704
99.4  681.27873
99.3  330.20006
99.2  171.64814
99.1  107.52284
99  86.78431
98.9  75.283365
98.8  72.043188
98.7  58.662285
98.6  66.153817
98.5  61.621332
98.4  48.585114
98.3  64.972159
98.2  59.960036
98.1  45.692366
98  54.935851
97.9  58.676234
97.8  52.687359
97.7  42.173349
97.6  54.995792
97.5  52.747634
97.4  51.995157
97.3  46.979991
97.2  42.117938
97.1  56.04539
97  38.084877
96.9  42.90394
96.8  35.889793
96.7  34.438019
96.6  33.771802
96.5  35.430821
96.4  27.615237
96.3  41.248535
96.2  46.901063
96.1  38.693138
96  37.286364
95.9  40.370001
95.8  43.174552
95.7  42.707599
95.6  35.517581
95.5  42.331685
95.4  45.651653
95.3  46.705122
95.2  40.876695
95.1  40.104808
95  41.126242

