110  15.568022
109.9  18.09002
109.8  14.047761
109.7  12.680287
109.6  16.37208
109.5  13.856027
109.4  18.214996
109.3  14.518411
109.2  20.506486
109.1  16.043384
109  15.371417
108.9  16.076272
108.8  13.108704
108.7  14.953493
108.6  12.018731
108.5  15.495265
108.4  10.517715
108.3  13.698361
108.2  15.765101
108.1  20.065069
108  15.261338
107.9  13.89363
107.8  14.594478
107.7  18.844318
107.6  13.697105
107.5  12.93224
107.4  14.843268
107.3  15.858036
107.2  17.366386
107.1  16.953905
107  15.964534
106.9  13.160695
106.8  14.011562
106.7  13.600707
106.6  10.481413
106.5  13.978845
106.4  12.119633
106.3  16.522245
106.2  12.025685
106.1  12.465354
106  15.448885
105.9  11.333441
105.8  13.272927
105.7  9.7039817
105.6  9.7415983
105.5  11.794434
105.4  13.652707
105.3  14.483847
105.2  16.191604
105.1  18.471601
105  12.826907
104.9  12.616231
104.8  12.457562
104.7  13.959249
104.6  15.209604
104.5  12.519747
104.4  14.019712
104.3  15.331966
104.2  12.875063
104.1  10.88308
104  8.6787843
103.9  9.1661777
103.8  14.478037
103.7  10.717354
103.6  12.118943
103.5  11.277601
103.4  15.16892
103.3  15.478713
103.2  20.141167
103.1  13.33198
103  12.170751
102.9  14.67025
102.8  10.684201
102.7  10.21781
102.6  12.810457
102.5  15.522625
102.4  14.115309
102.3  9.2924493
102.2  8.8499896
102.1  9.5530264
102  15.795423
101.9  14.338723
101.8  21.116631
101.7  17.373971
101.6  22.122681
101.5  14.811032
101.4  23.850253
101.3  28.636152
101.2  43.860508
101.1  46.553427
101  66.536254
100.9  68.343114
100.8  76.110237
100.7  69.462765
100.6  64.456867
100.5  79.341456
100.4  95.10159
100.3  115.15919
100.2  96.351055
100.1  77.917915
100  46.432823
99.9  29.407065
99.8  21.827376
99.7  13.214672
99.6  15.816099
99.5  12.635741
99.4  10.220794
99.3  15.927618
99.2  14.304318
99.1  11.198609
99  7.7304467
98.9  10.347557
98.8  8.7296249
98.7  7.6449177
98.6  6.9904533
98.5  9.5247867
98.4  11.421318
98.3  8.5959307
98.2  10.031118
98.1  11.363877
98  13.169447
97.9  12.230104
97.8  12.754926
97.7  10.739587
97.6  10.702895
97.5  10.606436
97.4  9.5816563
97.3  8.0465011
97.2  11.151565
97.1  13.063208
97  10.129903
96.9  9.5559807
96.8  14.626457
96.7  10.296907
96.6  10.098088
96.5  7.2878497
96.4  9.8861067
96.3  8.95078
96.2  9.3017733
96.1  10.659532
96  12.376273
95.9  12.769919
95.8  8.4634807
95.7  7.8131333
95.6  7.7229107
95.5  10.38282
95.4  9.5027133
95.3  9.5393427
95.2  16.071858
95.1  13.49365
95  9.1277193

