110  124.3585
109.9  117.87232
109.8  116.8249
109.7  113.39159
109.6  115.34719
109.5  118.5146
109.4  116.54379
109.3  107.81089
109.2  112.48043
109.1  124.16235
109  127.40369
108.9  118.17512
108.8  111.80642
108.7  102.61667
108.6  104.39808
108.5  122.2962
108.4  103.74932
108.3  117.35562
108.2  106.8155
108.1  96.859514
108  93.984546
107.9  107.8142
107.8  110.53087
107.7  106.63206
107.6  109.57945
107.5  101.91615
107.4  109.97962
107.3  103.65524
107.2  102.87604
107.1  114.75781
107  107.2638
106.9  91.347593
106.8  94.121284
106.7  86.151658
106.6  101.57951
106.5  92.031006
106.4  91.907838
106.3  85.760157
106.2  91.987524
106.1  87.111004
106  72.906519
105.9  76.626161
105.8  79.418897
105.7  71.352631
105.6  73.254637
105.5  74.368027
105.4  82.449805
105.3  81.697763
105.2  91.486527
105.1  94.635295
105  83.184913
104.9  84.976331
104.8  71.038031
104.7  67.940073
104.6  65.281019
104.5  79.564718
104.4  78.724703
104.3  69.6742
104.2  76.794271
104.1  79.843646
104  76.548663
103.9  79.51802
103.8  68.346393
103.7  85.282069
103.6  86.668645
103.5  74.111107
103.4  66.558971
103.3  67.343087
103.2  75.095747
103.1  77.877271
103  63.042003
102.9  54.553647
102.8  55.091965
102.7  69.209371
102.6  56.004376
102.5  55.393146
102.4  52.714431
102.3  63.689668
102.2  55.593364
102.1  59.034815
102  63.190933
101.9  65.878101
101.8  78.282821
101.7  76.468168
101.6  76.470048
101.5  102.02176
101.4  118.44485
101.3  152.98744
101.2  187.43075
101.1  257.73414
101  344.53375
100.9  503.57872
100.8  741.12746
100.7  1014.7002
100.6  1287.0293
100.5  1395.2663
100.4  1313.3551
100.3  1293.3839
100.2  1425.6217
100.1  1738.0264
100  2031.2806
99.9  2093.0986
99.8  1702.6614
99.7  1106.7687
99.6  595.52603
99.5  289.29114
99.4  141.57469
99.3  84.115934
99.2  63.518009
99.1  52.752799
99  55.729492
98.9  45.165155
98.8  34.749588
98.7  31.981047
98.6  36.217145
98.5  37.890903
98.4  35.161235
98.3  25.197545
98.2  24.554093
98.1  33.931826
98  38.710043
97.9  36.369914
97.8  34.785694
97.7  30.285151
97.6  26.922133
97.5  33.560748
97.4  26.905135
97.3  23.487893
97.2  30.446858
97.1  24.649297
97  26.983671
96.9  19.438919
96.8  19.127472
96.7  23.814164
96.6  23.306926
96.5  27.114197
96.4  24.628171
96.3  19.769206
96.2  28.687513
96.1  21.284169
96  21.636284
95.9  25.883758
95.8  17.457682
95.7  23.644414
95.6  26.506717
95.5  23.857134
95.4  20.680558
95.3  21.016326
95.2  23.141167
95.1  18.552592
95  28.302448

